40
6
+ K01 0.12 (48.00,0.00) (49.43,0.07) (52.98,0.08) (59.07,0.39) (60.00,0.78) (61.84,0.82) (63.02,0.98) (64.00,1.00)
+ K02 0.19 (7.00,0.00) (8.25,0.04) (9.96,0.09) (14.79,0.14) (16.17,0.23) (18.00,1.00)
+ K03 0.13 (6.00,0.00) (31.70,0.30) (58.00,1.00)
- K04 0.08 (28.00,1.00) (38.59,0.94) (59.67,0.72) (65.17,0.57) (85.30,0.00) (98.00,0.00)
+ K05 0.23 (86.00,0.00) (87.98,0.02) (89.50,0.10) (92.56,0.32) (95.29,0.73) (96.32,0.75) (98.20,0.93) (99.00,1.00)
- K06 0.25 (21.00,1.00) (22.56,0.91) (23.63,0.65) (27.41,0.60) (29.24,0.58) (30.73,0.55) (33.49,0.48) (35.94,0.27) (37.76,0.19) (39.75,0.07) (41.00,0.00)
W001 63.60 9.87 33.06 48.95 97.96 26.25
W002 54.56 13.08 18.48 81.92 89.81 23.85
W003 54.77 15.10 45.00 57.14 93.17 35.06
W004 61.61 13.37 53.14 63.53 91.78 28.36
W005 59.15 8.19 23.18 71.69 94.10 22.57
W006 54.61 14.16 48.10 72.86 96.77 40.25
W007 63.69 9.88 9.64 81.30 86.02 35.07
W008 55.44 8.40 39.30 76.72 98.40 33.65
W009 61.23 10.51 23.56 77.55 97.12 26.32
W010 55.96 16.34 47.78 76.21 89.68 35.97
W011 60.01 9.77 37.52 47.94 89.52 35.61
W012 57.07 8.57 10.96 59.13 86.44 39.53
W013 61.37 12.98 48.74 42.02 97.20 40.92
W014 51.21 17.98 47.17 92.57 98.64 24.20
W015 49.11 17.77 31.84 71.14 96.93 23.31
W016 49.55 14.55 7.16 85.33 87.35 24.80
W017 60.76 15.40 43.07 61.05 95.72 36.56
W018 48.42 11.10 54.90 62.70 97.10 21.63
W019 59.78 16.81 29.53 64.90 98.03 31.46
W020 50.36 10.15 20.78 48.65 89.56 38.88
W021 58.95 8.91 18.30 39.19 94.11 26.01
W022 55.66 16.31 45.62 56.78 89.57 38.10
W023 51.01 10.45 7.66 71.83 98.04 36.58
W024 48.06 9.16 42.56 87.61 98.83 38.83
W025 50.66 9.24 29.59 84.07 96.26 36.64
W026 52.43 16.60 26.42 85.73 88.72 40.59
W027 48.31 13.19 38.31 94.03 93.83 25.23
W028 53.82 12.48 38.99 76.00 86.88 22.33
W029 53.72 15.46 23.34 82.08 98.06 40.13
W030 52.71 17.43 9.69 56.01 97.96 34.56
W031 55.25 17.01 26.29 94.63 88.05 22.85
W032 48.88 13.25 6.42 87.83 88.80 40.15
W033 55.59 17.59 33.91 76.24 90.36 34.00
W034 63.52 14.83 43.98 49.69 88.84 29.22
W035 59.71 9.87 40.35 30.37 92.92 23.29
W036 61.47 16.05 9.87 74.39 87.10 39.46
W037 60.22 11.81 13.01 52.04 92.41 21.31
W038 63.43 10.69 30.88 30.94 98.35 35.26
W039 52.22 13.46 33.53 70.06 94.24 40.81
W040 50.07 11.09 28.82 33.81 94.03 37.13
